0[9]
1[1, 2, 3, 4, 5, 6, 9, 10]
2[0, 7, 8]
3[]
4[]
5[]
6[]
7[]
8[]
9[4, 5, 6]
10[0, 1, 3, 4, 5, 6, 9]
11[0, 2, 3, 4, 8, 9, 10]
12[]
13[0, 5, 6]
14[]
15[0, 1, 2, 4, 5, 6, 9, 10]
16[0, 1, 2, 4, 7, 9, 10]
17[]
18[]
19[5, 6]
20[]
21[10]
22[]
23[1, 2, 5, 6, 7, 9]
24[]
25[0]
26[1, 3, 7]
27[]
28[]
29[1, 4, 5, 7, 8]
30[]
31[0, 3, 4, 5, 7, 8, 10]
32[0, 9]
33[]
34[0, 1, 2, 3, 5, 7, 10]
35[]
36[0, 1, 2, 6, 7, 8, 10]
37[]
38[]
39[]
40[1, 2, 3, 6, 7, 8]
41[]
42[5, 10]
43[8]
44[]
45[]
46[]
47[1]
48[]
49[7, 10]
50[]
51[]
52[0, 2, 6, 7, 10]
53[0, 1, 6, 7, 8, 9, 10]
54[0, 3, 4, 8]
55[]
56[]
57[]
58[1, 2, 3, 4, 6, 8, 9, 10]
59[]
60[]
61[]
62[]
63[0, 2, 3, 9]
64[0, 2, 3, 4, 5]
65[]
66[]
67[]
68[]
69[]
70[]
71[3, 5]
72[0, 3, 8, 9]
73[1, 6, 7, 10]
74[1, 2, 3, 4, 5, 6, 7, 9, 10]
75[]
76[]
77[]
78[2, 4, 8, 10]
79[]
80[0, 3, 5, 7, 8, 9, 10]
81[]
82[0, 1, 3, 7]
